328
171
1410
3093
5002
8054
8329
8762
9795
12871
22364
25018
41912
46035
55224
57070
59502
60972
63376
63825
67971
73677
77944
78575
80548
80803
85949
89178
90419
93564
96892
97224
98309
104370
112564
113746
114407
115473
116588
116845
120118
124816
128829
137181
140858
147344
156679
158321
164929
167734
168521
175529
177608
177802
179547
185967
189741
190044
190466
191009
195108
195391
196323
196381
198606
201045
203507
207387
207686
212083
212995
214423
215565
216703
219899
223959
227513
228180
229108
230956
233508
235618
237509
240843
245165
247169
251863
253601
255758
265592
268435
268607
269508
270624
278661
286636
287201
288198
290376
298908
299920
303494
306597
307385
312596
314490
314603
317739
318444
322246
323736
327035
328171
328739
331886
333592
333662
335299
336797
349389
349709
351762
355652
357909
359245
359672
361133
366612
368495
369456
369928
374028
376764
384499
387120
387729
389291
394056
395829
403512
403645
406075
409036
415066
416154
426145
426566
427945
429919
430062
442822
445744
445803
446232
452636
454850
473498
474683
479459
480805
489032
494361
494684
496915
497484
501152
504869
509707
511031
518831
527093
530695
532192
540082
545887
547323
547983
551366
553770
560441
572995
578637
578946
580795
586241
593510
595076
597974
600076
602832
609535
611425
613429
616718
623987
627414
632640
635608
639860
640762
641667
665612
666011
670587
672557
675464
679493
679526
684504
690664
690950
691849
702187
704254
705294
705863
706288
710025
711800
712292
712660
713536
718396
720547
722814
723117
723901
728688
737879
746058
747990
749829
752113
756215
763447
764279
764772
764833
766283
767619
773292
773404
774061
775218
776366
778810
780384
785139
799329
800632
801451
802656
802991
804012
804822
809303
810573
812115
814923
815351
817615
819546
822920
825390
826369
827365
828614
832288
832557
833633
834890
836634
837078
839419
840139
846242
846872
846937
851844
861459
863480
864282
871689
873124
875041
881981
883950
886543
886580
887534
888225
889457
891743
894956
895950
896205
896686
897428
899064
907643
909496
909898
910491
911072
911345
914345
916222
917176
920040
920257
923319
926094
934350
935473
941760
946179
953353
957069
959959
960743
963776
963823
967067
967100
968970
971889
982461
982668
989558
