100
372 449
305 742
416 425
281 706
393 508
331 258
214 672
746 629
254 906
157 730
390 905
524 864
496 452
155 720
735 330
115 846
457 366
272 710
547 286
441 243
229 785
472 783
536 181
548 551
364 715
352 446
266 657
601 294
469 264
479 676
701 271
800 566
59 556
512 517
87 379
666 937
563 1000
94 812
427 205
572 313
475 413
315 839
275 556
494 631
751 862
586 770
328 377
180 598
540 866
81 601
471 645
805 725
622 328
57 441
661 480
335 316
342 540
503 423
686 347
679 573
841 591
529 478
102 310
748 570
70 527
0 646
504 369
469 867
134 594
738 369
80 413
507 476
417 407
207 456
432 693
273 319
648 716
302 461
325 422
377 180
706 364
725 557
479 178
308 521
767 427
104 410
753 625
565 718
648 335
193 613
519 458
480 784
41 458
350 506
639 633
354 524
243 810
477 605
20 617
498 770
